0.41912
0.18031
0.28398
0.30938
0.42844
0.38168
0.5173
0.55298
0.29342
0.62141
0.39142
1.1872
0.34768
0.1224
0.19007
0.414
0.56583
0.52421
0.27442
0.098285
0.44299
0.19387
0.44467
0.33577
0.44844
0.34166
0.15418
0.16814
0.51678
0.16356
0.30627
0.21111
0.21075
0.19004
0.45307
0.31977
0.20868
0.42535
0.51842
0.36064
0.48122
0.18054
0.56703
0.48216
0.42338
0.29844
0.3851
0.25092
0.43525
0.52719
0.25577
0.57992
0.24838
0.38711
0.34848
0.29062
0.2493
0.43383
0.82786
0.62671
0.54444
0.19456
0.47485
0.6018
0.14745
0.35892
0.303
0.21867
0.20636
0.3344
0.34676
0.2833
0.22925
0.63902
0.42606
0.5178
0.42119
0.45466
0.55053
0.30112
0.43062
0.24869
0.4228
0.38345
0.12937
0.18531
0.44709
0.46891
0.36154
0.34258
0.68428
0.43513
0.60214
0.6558
0.31186
0.61187
0.15
0.48248
0.095176
0.26537
0.54852
0.066852
0.42097
0.48075
0.42179
0.51046
0.35296
0.74033
0.17457
0.38639
0.31095
0.88648
0.57495
0.59641
0.55286
0.26192
0.515
0.59046
0.56649
0.81613
0.41731
0.4575
0.29023
0.43816
0.22647
0.2277
0.28946
0.078305
0.49925
0.27602
0.67164
0.31066
0.20922
0.24277
0.30327
0.33938
0.26707
0.38049
0.36864
0.42272
0.48765
0.13508
0.088265
0.67905
0.70513
0.85575
0.45314
0.30015
0.17278
0.30557
0.47792
0.52737
0.41508
0.65202
0.34093
0.49236
0.11529
0.15858
0.36103
0.4484
0.46492
0.23739
0.49772
0.56998
0.28577
0.5105
0.29766
0.251
0.49551
0.39667
0.57635
0.58805
0.89404
0.4781
0.13891
0.34465
0.5839
0.45088
0.66153
0.63334
0.37337
0.3324
0.3278
0.52113
0.79843
0.27582
0.10724
0.27423
0.11778
0.54609
0.10277
0.43721
0.46424
0.062078
0.40774
0.54807
0.24659
0.30604
0.28624
0.16046
0.37505
0.32843
0.39883
0.54009
0.19959
0.33948
0.20356
0.32278
0.16535
0.45595
0.57054
0.59388
0.22235
0.30551
0.53825
0.3818
0.51658
0.26045
0.41328
0.24636
0.35077
0.3259
0.33901
0.35441
0.49108
0.49962
0.18446
0.64946
0.89968
0.58797
0.27615
0.27019
0.22935
0.45441
0.38828
1.0344
0.54511
0.67751
0.13259
0.64925
0.52674
0.16413
0.18299
0.62035
0.15095
0.21835
0.47809
0.23254
0.49817
0.43233
0.13116
0.32859
0.23006
0.36942
0.44725
1.1854
0.42637
0.37905
0.43291
0.36304
0.31346
0.36121
0.52795
0.43233
0.18564
0.26844
0.26993
0.4727
0.18752
0.1187
0.47748
0.2862
0.62133
0.3474
0.40408
0.34443
0.1889
0.17213
0.38532
0.39582
0.52755
0.32403
0.34566
0.42639
0.34332
0.21363
0.34346
0.097239
0.2834
0.48768
0.20017
0.26004
0.41662
0.60604
0.47388
0.50848
0.18742
0.43178
0.31091
0.45444
0.42704
0.48212
0.18995
0.25792
0.54145
0.27216
0.65796
0.34973
0.54558
0.33305
0.43718
0.22182
0.56743
0.32596
0.29357
0.51743
0.27298
0.26939
0.39685
0.14632
0.24862
0.22269
0.56745
0.32365
0.28216
0.24349
0.9444
0.47861
0.40786
0.12086
0.49615
0.35209
0.29471
0.71534
0.31564
0.34732
0.26133
0.50671
0.33341
0.49953
0.34598
0.20985
0.38666
0.41567
0.3789
0.36812
0.54558
0.53715
0.093985
0.6289
0.34432
0.52291
0.48531
0.21624
0.27105
0.28814
0.46671
0.43511
0.51547
0.37841
0.52879
0.58678
1.1084
0.3555
0.3086
0.28897
0.49586
0.31257
0.48852
0.28483
0.36816
0.44359
0.42779
0.11927
0.44289
0.2488
0.49448
0.35388
0.33719
0.40808
0.61618
0.34301
0.32694
0.2258
0.48817
0.73086
0.50488
0.47992
0.36819
0.40137
0.5305
0.45574
0.26621
0.38189
0.16832
0.36646
0.52576
0.20451
0.67415
0.50623
0.31301
0.72412
0.42221
0.49478
0.26421
0.095337
0.61161
0.31046
0.26081
0.31521
0.23341
0.28703
0.15028
0.19667
0.25252
0.54089
0.47453
0.24037
0.17355
0.14914
0.23513
0.50915
0.65838
0.275
0.1808
0.40853
0.41787
0.28189
0.25517
0.13963
0.33068
0.49039
0.30381
0.26286
0.42071
0.79896
0.57301
0.4042
0.48953
0.18899
0.24684
0.50624
0.46853
0.57831
0.40872
0.41556
0.25671
0.45219
0.48602
0.18314
0.44827
0.25455
0.60489
0.3143
0.43034
0.5086
0.53405
0.61062
0.15557
0.27062
0.36113
0.11443
0.33537
0.45833
0.21272
0.18797
0.45872
0.25181
0.31126
0.39142
0.20243
0.42782
0.31303
0.46806
0.22781
0.55031
0.17921
0.37264
0.46129
0.46605
0.42479
0.11711
0.45631
0.19931
0.48996
0.33778
0.36217
0.52164
0.22337
0.43822
0.53013
0.54648
0.70447
0.52536
0.50139
0.24707
0.49143
0.95062
0.44841
0.48991
0.4427
0.42566
0.30976
0.52591
0.34849
0.30831
0.54388
0.2016
0.52368
0.47012
0.54096
0.15443
0.27427
0.57285
0.24448
0.43757
0.55561
0.41454
0.59177
0.22693
0.2296
0.29421
0.37873
0.2234
0.36048
0.62412
0.18133
0.4284
0.30259
0.43929
0.51282
0.11404
1.1232
0.49012
0.50376
0.39931
0.56421
0.18909
0.39807
0.30286
0.14663
0.61306
0.40163
0.14949
0.43381
0.49867
0.48534
0.14062
0.69291
0.31972
0.36577
0.28775
0.36604
1.0661
0.48576
0.26319
0.35936
0.42862
0.2424
0.40533
0.12171
0.58592
0.39367
0.34703
0.30338
0.15224
0.49536
0.33626
0.26277
0.358
0.50703
0.37151
0.62733
0.43149
0.14515
0.26193
0.44084
0.73545
0.36131
0.4199
0.10105
0.2668
0.26801
0.51255
0.20098
0.5512
0.28423
0.92508
0.1689
0.4278
0.4024
0.59178
0.28688
0.28529
0.31772
0.38337
0.41189
0.4613
0.63631
0.32533
